[Trainer]
Type=YOUNGSTER
Name=BRADY
BeginSpeech=BRADY
EndSpeechWin=I AM NEVER GOING TO LOSE !
EndSpeechLose=I AM STRONG AREN'T I ?
PokemonNos=0,1,4,9,10,12,13,14,15,16,17,18,19,20,22,23,24,25,26,27,28,29,30,31,32,33,34,35,36,37,38,39,40,41,42,44,45,46,47,48,51,52,53,56,62,63,64,65,66,67,68,72,73,74,76,79,81,82,85,88,89,90,91,92,93,95,96,97,99,104,105,106,107,108,110,111,112,113,114,115,116,117,118,119,120,124,125,126,127,128,129,130,131,132,133,134,135,136,137,138,140,142,143,145,146,147,148,149,150,151,152,153,154,156,157,158,160,161,162,163,164,165,166,167,168,174,175,177,178,182,184,185,186,187,188,189,191,192,193,201,203,204,205,207,214,220,221,228,232,239,240,252,256,355,360,363,434,484,488
[Trainer]
Type=YOUNGSTER
Name=CONNER
BeginSpeech=CONNER
EndSpeechWin=LOSING DOESN'T BUG ME
EndSpeechLose=A WIN IS JUST AWESOME
PokemonNos=0,1,3,4,9,10,11,12,13,14,15,16,17,18,19,20,21,22,25,28,29,30,32,33,35,36,37,38,39,41,42,45,46,47,48,49,51,52,53,54,55,56,61,62,63,64,65,66,68,72,73,74,75,76,78,79,80,81,82,83,88,90,92,93,94,95,96,97,98,99,101,103,104,105,107,108,109,110,111,113,114,115,116,117,118,124,125,126,127,128,129,132,133,134,135,136,138,139,140,141,142,143,144,145,146,147,148,149,151,152,154,155,156,158,159,160,161,162,163,164,165,166,167,168,174,175,176,177,178,179,183,185,186,188,189,190,191,192,200,201,202,203,204,206,212,214,221,231,233,239,256,258,357,482,552,557
[Trainer]
Type=YOUNGSTER
Name=BRADLEY
BeginSpeech=BRADLEY
EndSpeechWin=HEY
EndSpeechLose=HAHAHA ! SEE YA LATER !
PokemonNos=0,1,3,4,9,10,11,12,13,15,16,18,19,20,21,22,23,24,25,26,27,28,29,31,32,33,35,37,38,39,40,43,44,45,46,47,48,49,51,53,54,55,61,62,63,64,65,66,67,68,72,76,77,78,79,80,81,83,89,90,91,92,93,94,95,96,97,98,100,103,104,105,108,110,111,112,113,115,116,117,118,119,120,124,125,126,127,128,129,130,131,132,133,134,135,136,137,138,139,140,142,143,146,147,148,149,152,153,154,155,156,157,158,159,161,162,164,165,166,167,168,174,175,176,178,185,187,188,189,190,191,193,200,201,202,203,204,205,216,222,229,237,244,245,246,251,252,254,257,487,522,557
[Trainer]
Type=LASS
Name=CYBIL
BeginSpeech=CYBIL
EndSpeechWin=YOU'RE REALLY NOT VERY SCARY AT ALL
EndSpeechLose=IT'S SAD TO SEE YOU STRUGGLE
PokemonNos=0,1,2,4,9,10,11,12,13,14,16,17,18,19,20,21,22,23,24,27,28,29,30,32,33,34,35,37,38,39,40,41,42,43,44,45,47,48,50,52,53,54,55,56,61,62,64,65,67,68,70,72,73,75,76,77,78,79,80,81,83,85,89,90,91,92,93,94,95,96,98,99,102,105,106,107,109,111,112,113,114,115,116,117,118,119,124,125,126,127,128,129,130,131,132,133,134,135,136,137,138,139,140,141,142,143,144,145,146,147,148,149,150,151,153,154,155,156,157,158,159,162,163,164,165,166,167,168,174,175,176,177,178,179,184,185,186,187,188,190,191,192,193,200,201,202,203,205,214,215,219,231,234,242,243,247,251,255,257,356,363,436,457,487,511,527,552
[Trainer]
Type=LASS
Name=RODETTE
BeginSpeech=RODETTE
EndSpeechWin=OH THIS IS SO EXCITING !
EndSpeechLose=IT'S INCREDIBLE HOW STRONG I AM !
PokemonNos=0,2,3,9,10,12,13,14,15,16,18,19,20,21,22,23,24,25,26,27,28,29,30,32,34,36,37,39,40,42,43,44,45,46,47,48,49,50,51,52,54,55,61,62,64,65,66,67,68,69,72,73,75,76,77,78,79,80,81,82,83,88,89,90,91,93,96,97,103,104,106,107,108,109,110,111,114,117,118,120,124,126,127,128,129,130,131,133,134,135,138,139,140,141,142,143,145,146,148,149,150,151,152,154,155,156,157,158,159,160,161,162,163,164,165,166,168,174,175,176,177,178,179,180,185,186,188,190,191,192,201,202,204,205,206,216,218,220,231,232,236,238,245,248,257,259,357,487,489,490,491,590,596
[Trainer]
Type=LASS
Name=PEGGY
BeginSpeech=PEGGY
EndSpeechWin=GET READY TO BE DESTROYED !
EndSpeechLose=HAHAHA !! I AM LOLLING !
PokemonNos=0,1,2,3,4,9,10,11,12,14,15,16,17,19,20,21,22,23,25,26,28,32,33,34,36,39,41,42,43,44,46,48,49,50,51,52,53,55,56,61,62,63,64,66,67,68,70,72,73,74,75,77,78,79,80,81,82,83,88,89,91,92,94,95,96,97,98,99,100,102,105,106,107,108,109,110,111,112,113,114,116,117,118,119,120,124,125,126,127,129,130,131,132,133,134,135,136,137,139,140,142,143,144,145,146,148,149,150,151,152,155,156,157,158,159,160,161,162,163,164,165,166,167,168,174,175,176,177,179,182,184,185,186,188,190,191,192,193,200,201,202,203,205,213,214,227,235,243,245,249,250,252,258,366,482,515,523,525
[Trainer]
Type=YOUNGSTER
Name=KEITH
BeginSpeech=KEITH
EndSpeechWin=I DON'T JUST STUDY YOU KNOW
EndSpeechLose=YOU DON'T STUDY ENOUGH ...
PokemonNos=20,27,133,136,160,267,268,269,282,287,293,296,298,299,302,303,309,318,321,323,325,326,327,348,359,372,374,376,379,386,398,399,409,421,424,426,429,431,434,439,459,464,529,543
[Trainer]
Type=YOUNGSTER
Name=GRAYSON
BeginSpeech=GRAYSON
EndSpeechWin=A POKéMON BATTLE ISN'T CHILD'S PLAY !
EndSpeechLose=YOU'RE DONE AREN'T YOU ?
PokemonNos=11,17,21,22,88,140,141,144,145,182,200,265,268,273,276,280,288,291,295,296,298,299,300,303,310,311,320,322,329,330,332,343,349,354,371,373,377,385,386,395,411,419,426,428,431,437,440,443,451,497,532,536
[Trainer]
Type=YOUNGSTER
Name=GLENN
BeginSpeech=GLENN
EndSpeechWin=I WOULD BE COOL IF I WIN
EndSpeechLose=COOL ! THAT'S WHAT I AM
PokemonNos=24,25,129,133,141,163,202,229,263,264,279,286,290,295,305,310,314,321,323,331,340,343,348,350,357,358,372,383,387,391,393,417,419,420,423,427,431,438,445,499,529,538,541
[Trainer]
Type=LASS
Name=LILIANA
BeginSpeech=LILIANA
EndSpeechWin=I WON'T GIVE UP UNTIL I WIN
EndSpeechLose=THERE IS NO SURRENDER IN ME
PokemonNos=11,28,199,263,271,284,286,289,290,298,304,313,317,320,326,332,340,341,345,346,350,353,354,372,379,389,415,416,424,427,431,433,436,439,447,597,604
[Trainer]
Type=LASS
Name=ELISE
BeginSpeech=ELISE
EndSpeechWin=MY STRATEGY IS FROM MY FATHER
EndSpeechLose=I WIN ! FATHER I'VE WON
PokemonNos=23,98,132,136,140,141,142,147,165,229,261,268,272,283,290,300,305,307,309,314,316,319,321,326,329,331,340,350,358,361,373,381,388,395,399,409,413,414,415,417,421,423,426,432,436,444
[Trainer]
Type=LASS
Name=ZOEY
BeginSpeech=ZOEY
EndSpeechWin=PLEASE BATTLE LIKE YOU MEAN IT
EndSpeechLose=THANK YOU !! THANK YOU SO MUCH
PokemonNos=26,27,137,143,146,163,179,194,265,269,282,286,287,291,294,308,312,332,333,342,357,359,372,374,377,380,386,387,395,398,411,414,418,419,424,430,463,499,528,534